Region,Contaminant,Min (µg/L),Average (µg/L),Max (µg/L)
1,1-butanol,2.0,2.0172994652406415,9.95
1,2-methoxyethanol,0.4,0.4041385026737968,7.7
1,2-propen-1-ol,0.5,0.5,0.5
1,HAA5,0.0,20.031123624047417,113.5
1,HAA6Br,0.0,5.428626869884279,59.5
1,HAA9,0.0,24.813513406717473,125.701
1,alpha-hexachlorocyclohexane,0.01,0.010001632208922742,0.013
1,anatoxin-a,0.03,0.030009229098805646,0.047
1,butylated hydroxyanisole,0.03,0.03,0.03
1,chlorpyrifos,0.03,0.03,0.03
1,cylindrospermopsin,0.09,0.09,0.09
1,dimethipin,0.2,0.2,0.2
1,ethoprop,0.03,0.03,0.03
1,germanium,0.3,0.3011414893617021,1.155
1,manganese,0.4,43.67254574468085,3960.0
1,o-toluidine,0.007,0.007011988210075027,0.0207
1,oxyfluorfen,0.05,0.05,0.05
1,profenofos,0.3,0.3,0.3
1,quinoline,0.02,0.020265506159614356,0.18
1,tebuconazole,0.2,0.2,0.2
1,total microcystin,0.3,0.3,0.3
1,total permethrin,0.04,0.04,0.04
1,tribufos,0.07,0.07000000000000002,0.07
2,1-butanol,2.0,2.041839470899471,100.0
2,2-methoxyethanol,0.4,0.40003756613756614,0.47
2,2-propen-1-ol,0.5,0.5012103174603175,1.5
2,HAA5,0.0,20.962907288902006,254.78
2,HAA6Br,0.0,8.009708794430379,69.75
2,HAA9,0.0,28.223066824210704,269.04
2,alpha-hexachlorocyclohexane,0.01,0.010042718968296614,0.16
2,anatoxin-a,0.03,0.03438205980066445,13.22
2,butylated hydroxyanisole,0.03,0.03,0.03
2,chlorpyrifos,0.03,0.03,0.03
2,cylindrospermopsin,0.09,0.09004429329794295,0.2235
2,dimethipin,0.2,0.20002338081160978,0.287
2,ethoprop,0.03,0.03000456498388829,0.047
2,germanium,0.3,0.3031396768707483,7.826845
2,manganese,0.4,11.426284103610675,2020.0
2,microcystin-LA,0.063,0.063,0.063
2,microcystin-LF,0.006,0.006,0.006
2,microcystin-LR,0.02,0.02,0.02
2,microcystin-LY,0.009,0.009,0.009
2,microcystin-RR,0.006,0.006,0.006
2,microcystin-YR,0.02,0.02,0.02
2,nodularin,0.005,0.005,0.005
2,o-toluidine,0.007,0.007061433901918977,0.119
2,oxyfluorfen,0.05,0.05,0.05
2,profenofos,0.3,0.3,0.3
2,quinoline,0.02,0.020006751282743724,0.039
2,tebuconazole,0.2,0.2,0.2
2,total microcystin,0.3,0.3002797202797203,0.83
2,total permethrin,0.04,0.04001341561577676,0.082
2,tribufos,0.07,0.07,0.07
3,1-butanol,2.0,2.020278056951424,24.591
3,2-methoxyethanol,0.4,0.4340535117056857,67.16
3,2-propen-1-ol,0.5,0.5000334448160535,0.58
3,HAA5,0.0,22.843990162761582,251.1
3,HAA6Br,0.0,5.944470250896058,47.3
3,HAA9,0.0,28.292201792114696,259.4
3,alpha-hexachlorocyclohexane,0.01,0.01000042265426881,0.011
3,anatoxin-a,0.03,0.03014760374050263,0.3603
3,butylated hydroxyanisole,0.03,0.030050590219224283,0.15
3,chlorpyrifos,0.03,0.030000000000000002,0.03
3,cylindrospermopsin,0.09,0.09,0.09
3,dimethipin,0.2,0.20002409129332208,0.257
3,ethoprop,0.03,0.030000000000000002,0.03
3,germanium,0.3,0.31504767776407727,32.0
3,manganese,0.4,12.982465680230169,2500.0
3,o-toluidine,0.007,0.006999999999999999,0.007
3,oxyfluorfen,0.05,0.05,0.05
3,profenofos,0.3,0.3,0.3
3,quinoline,0.02,0.02000983558178752,0.042
3,tebuconazole,0.2,0.2,0.2
3,total microcystin,0.3,0.3,0.3
3,total permethrin,0.04,0.04,0.04
3,tribufos,0.07,0.07,0.07
4,1-butanol,2.0,2.0286697155301483,16.8
4,2-methoxyethanol,0.4,0.40124431740846606,3.94
4,2-propen-1-ol,0.5,0.5011097046413502,1.7
4,HAA5,0.0,23.798557147937412,291.66
4,HAA6Br,0.0,6.085346063580116,83.5
4,HAA9,0.0,29.204095341394023,316.86
4,alpha-hexachlorocyclohexane,0.01,0.010012748112943809,0.067
4,anatoxin-a,0.03,0.03008479209445585,0.105
4,butylated hydroxyanisole,0.03,0.030013721185510427,0.13
4,chlorpyrifos,0.03,0.030001397819401733,0.04
4,cylindrospermopsin,0.09,0.09001090722443217,0.175
4,dimethipin,0.2,0.2003648308638524,2.81
4,ethoprop,0.03,0.03003076923076923,0.21
4,germanium,0.3,0.31805815983881797,6.0
4,manganese,0.4,9.697891739422431,1300.0
4,o-toluidine,0.007,0.007019452374416689,0.039
4,oxyfluorfen,0.05,0.050005814928711215,0.0828
4,profenofos,0.3,0.30011685770198493,0.848
4,quinoline,0.02,0.020022054380664654,0.096
4,tebuconazole,0.2,0.20025062901873078,1.96
4,total microcystin,0.3,0.30000387246676136,0.33
4,total permethrin,0.04,0.04005421501467916,0.212
4,tribufos,0.07,0.07001023489932887,0.139
5,1-butanol,2.0,2.0569024278515804,34.2
5,2-methoxyethanol,0.4,0.4827043060009162,125.36
5,2-propen-1-ol,0.5,0.500707741639945,1.4
5,HAA5,0.0,15.72047168705167,464.947
5,HAA6Br,0.0,7.12128007706355,42.89
5,HAA9,0.0,21.806356817760992,480.627
5,alpha-hexachlorocyclohexane,0.01,0.010002742857142857,0.016
5,anatoxin-a,0.03,0.030042656651512154,0.128
5,butylated hydroxyanisole,0.03,0.030006614963503653,0.059
5,chlorpyrifos,0.03,0.030000114285714283,0.0305
5,cylindrospermopsin,0.09,0.09,0.09
5,dimethipin,0.2,0.20029645714285715,1.04
5,ethoprop,0.03,0.030000594421582077,0.0326
5,germanium,0.3,0.30584694114910443,4.7
5,manganese,0.4,14.40664494068388,872.0
5,o-toluidine,0.007,0.007021304744525548,0.0562
5,oxyfluorfen,0.05,0.05001453714285715,0.103
5,profenofos,0.3,0.30003748571428573,0.464
5,quinoline,0.02,0.020032618613138688,0.057
5,tebuconazole,0.2,0.2,0.2
5,total microcystin,0.3,0.3000146815550041,0.371
5,total permethrin,0.04,0.04000228571428571,0.05
5,tribufos,0.07,0.07,0.07
6,1-butanol,2.0,2.0538508934072706,113.5
6,2-methoxyethanol,0.4,0.4001725200246457,0.94
6,2-propen-1-ol,0.5,0.5004477305401519,1.2
6,HAA5,0.0,19.440432377942457,374.1
6,HAA6Br,0.0,11.928010165794067,445.64
6,HAA9,0.0,28.301848025741712,654.24
6,alpha-hexachlorocyclohexane,0.01,0.010006258833030487,0.031
6,anatoxin-a,0.03,0.031207099567099567,0.405
6,butylated hydroxyanisole,0.03,0.03002805049088359,0.17
6,chlorpyrifos,0.03,0.030000000000000002,0.03
6,cylindrospermopsin,0.09,0.09018871191135733,0.41
6,dimethipin,0.2,0.2,0.2
6,ethoprop,0.03,0.030000000000000002,0.03
6,germanium,0.3,0.3711783363255535,9.87
6,manganese,0.4,8.787893216280926,1170.0
6,microcystin-LA,0.008,0.008,0.008
6,microcystin-LF,0.0066,0.0066,0.0066
6,microcystin-LR,0.079,0.079,0.079
6,microcystin-LY,0.009,0.009,0.009
6,microcystin-RR,0.15,0.15,0.15
6,microcystin-YR,0.02,0.02,0.02
6,nodularin,0.005,0.005,0.005
6,o-toluidine,0.007,0.00705231863727455,0.09752
6,oxyfluorfen,0.05,0.050001817080557245,0.059
6,profenofos,0.3,0.3,0.3
6,quinoline,0.02,0.0200501683029453,0.0864
6,tebuconazole,0.2,0.2,0.2
6,total microcystin,0.3,0.30001572327044024,0.39
6,total permethrin,0.04,0.040005249343832025,0.066
6,tribufos,0.07,0.07006674757281554,0.4
7,1-butanol,2.0,2.022928832116788,15.0
7,2-methoxyethanol,0.4,0.4048631386861314,5.7
7,2-propen-1-ol,0.5,0.5009507299270073,1.5
7,HAA5,0.0,16.16474177712322,140.031
7,HAA6Br,0.0,7.171299019607844,65.4
7,HAA9,0.0,22.075309278350513,160.421
7,alpha-hexachlorocyclohexane,0.01,0.01,0.01
7,anatoxin-a,0.03,0.03064537037037037,0.36
7,butylated hydroxyanisole,0.03,0.030000000000000002,0.03
7,chlorpyrifos,0.03,0.029999999999999995,0.03
7,cylindrospermopsin,0.09,0.09072802960222016,0.877
7,dimethipin,0.2,0.2,0.2
7,ethoprop,0.03,0.029999999999999995,0.03
7,germanium,0.3,0.310260162601626,2.7
7,manganese,0.4,10.856936766034329,687.0
7,o-toluidine,0.007,0.007179726027397261,0.093
7,oxyfluorfen,0.05,0.05,0.05
7,profenofos,0.3,0.3,0.3
7,quinoline,0.02,0.021173059360730592,0.51
7,tebuconazole,0.2,0.2,0.2
7,total microcystin,0.3,0.3,0.3
7,total permethrin,0.04,0.04,0.04
7,tribufos,0.07,0.07,0.07
8,1-butanol,2.0,2.165549146110057,101.5552
8,2-methoxyethanol,0.4,0.40012675521821633,0.6004
8,2-propen-1-ol,0.5,0.5000695762175839,0.61
8,HAA5,0.0,18.328721365638767,127.33
8,HAA6Br,0.0,5.995796535200885,39.7
8,HAA9,0.0,23.421419830446,137.17
8,alpha-hexachlorocyclohexane,0.01,0.01000770218228498,0.022
8,anatoxin-a,0.03,0.03,0.03
8,butylated hydroxyanisole,0.03,0.03,0.03
8,chlorpyrifos,0.03,0.029999999999999995,0.03
8,cylindrospermopsin,0.09,0.09,0.09
8,dimethipin,0.2,0.2,0.2
8,ethoprop,0.03,0.029999999999999995,0.03
8,germanium,0.3,0.316890290037831,4.2
8,manganese,0.4,11.035037831021437,2600.0
8,microcystin-LA,0.008,0.008,0.008
8,microcystin-LF,0.006,0.006,0.006
8,microcystin-LR,0.02,0.02,0.02
8,microcystin-LY,0.009,0.009,0.009
8,microcystin-RR,0.006,0.006,0.006
8,microcystin-YR,0.02,0.02,0.02
8,nodularin,0.005,0.005,0.005
8,o-toluidine,0.007,0.00714154244977317,0.15
8,oxyfluorfen,0.05,0.05,0.05
8,profenofos,0.3,0.3,0.3
8,quinoline,0.02,0.02029794556059624,0.24
8,tebuconazole,0.2,0.2,0.2
8,total microcystin,0.3,0.300035,0.363
8,total permethrin,0.04,0.04,0.04
8,tribufos,0.07,0.07,0.07
9,1-butanol,2.0,2.015665024630542,21.3
9,2-methoxyethanol,0.4,0.4002727381953623,2.2
9,2-propen-1-ol,0.5,0.5,0.5
9,HAA5,0.0,11.158669972568052,158.08
9,HAA6Br,0.0,7.137494408102976,83.7
9,HAA9,0.0,16.451901561510866,162.38
9,alpha-hexachlorocyclohexane,0.01,0.010000725952813068,0.016
9,anatoxin-a,0.03,0.030000000000000002,0.03
9,butylated hydroxyanisole,0.03,0.03000446967866634,0.053
9,chlorpyrifos,0.03,0.03,0.03
9,cylindrospermopsin,0.09,0.09,0.09
9,dimethipin,0.2,0.2,0.2
9,ethoprop,0.03,0.03,0.03
9,germanium,0.3,0.38375836695941135,18.0
9,manganese,0.4,4.815070623145401,992.0
9,o-toluidine,0.007,0.007100581058226625,0.38
9,oxyfluorfen,0.05,0.0500399274047187,0.38
9,profenofos,0.3,0.3000266182698124,0.52
9,quinoline,0.02,0.020254409277603285,1.5
9,tebuconazole,0.2,0.20000120992135512,0.21
9,total microcystin,0.3,0.3,0.3
9,total permethrin,0.04,0.04,0.04
9,tribufos,0.07,0.07,0.07
10,1-butanol,2.0,2.0091880781089415,13.0
10,2-methoxyethanol,0.4,0.400026735218509,0.452
10,2-propen-1-ol,0.5,0.5,0.5
10,HAA5,0.0,18.743564801178202,130.8
10,HAA6Br,0.0,2.0609745949926364,26.48
10,HAA9,0.0,20.60849374079529,131.32
10,alpha-hexachlorocyclohexane,0.01,0.010002558853633573,0.015
10,anatoxin-a,0.03,0.030027439024390243,0.06
10,butylated hydroxyanisole,0.03,0.03,0.03
10,chlorpyrifos,0.03,0.03,0.03
10,cylindrospermopsin,0.09,0.09,0.09
10,dimethipin,0.2,0.2,0.2
10,ethoprop,0.03,0.03,0.03
10,germanium,0.3,0.3778614519427403,6.884
10,manganese,0.4,19.377786298568505,1590.0
10,microcystin-LA,0.008,0.008,0.008
10,microcystin-LF,0.006,0.006,0.006
10,microcystin-LR,0.02,0.02,0.02
10,microcystin-LY,0.009,0.009,0.009
10,microcystin-RR,0.006,0.006,0.006
10,microcystin-YR,0.02,0.02,0.02
10,nodularin,0.005,0.005,0.005
10,o-toluidine,0.007,0.007020020481310804,0.024
10,oxyfluorfen,0.05,0.05,0.05
10,profenofos,0.3,0.3,0.3
10,quinoline,0.02,0.020138504864311315,0.15
10,tebuconazole,0.2,0.2,0.2
10,total microcystin,0.3,0.30004665629860033,0.34
10,total permethrin,0.04,0.04,0.04
10,tribufos,0.07,0.07,0.07
