Region,Contaminant,Min (µg/L),Average (µg/L),Max (µg/L)
1,1-butanol,0.0,0.026925133689839568,9.95
1,2-methoxyethanol,0.0,0.004780213903743316,7.7
1,2-propen-1-ol,0.0,0.0,0.0
1,HAA5,0.0,20.031123624047417,113.5
1,HAA6Br,0.0,5.428626869884279,59.5
1,HAA9,0.0,24.813513406717473,125.701
1,alpha-hexachlorocyclohexane,0.0,7.072905331882481e-06,0.013
1,anatoxin-a,0.0,2.55157437567861e-05,0.047
1,butylated hydroxyanisole,0.0,0.0,0.0
1,chlorpyrifos,0.0,0.0,0.0
1,cylindrospermopsin,0.0,0.0,0.0
1,dimethipin,0.0,0.0,0.0
1,ethoprop,0.0,0.0,0.0
1,germanium,0.0,0.0020989361702127662,1.155
1,manganese,0.0,43.636588297872336,3960.0
1,o-toluidine,0.0,2.6993569131832798e-05,0.0207
1,oxyfluorfen,0.0,0.0,0.0
1,profenofos,0.0,0.0,0.0
1,quinoline,0.0,0.0004583288698446706,0.18
1,tebuconazole,0.0,0.0,0.0
1,total microcystin,0.0,0.0,0.0
1,total permethrin,0.0,0.0,0.0
1,tribufos,0.0,0.0,0.0
2,1-butanol,0.0,0.05295058201058201,100.0
2,2-methoxyethanol,0.0,0.00035502645502645503,0.47
2,2-propen-1-ol,0.0,0.0021362433862433866,1.5
2,HAA5,0.0,20.962907288902006,254.78
2,HAA6Br,0.0,8.009708794430379,69.75
2,HAA9,0.0,28.223066824210704,269.04
2,alpha-hexachlorocyclohexane,0.0,5.346587855991402e-05,0.16
2,anatoxin-a,0.0,0.00439202657807309,13.22
2,butylated hydroxyanisole,0.0,0.0,0.0
2,chlorpyrifos,0.0,0.0,0.0
2,cylindrospermopsin,0.0,7.415394824153948e-05,0.2235
2,dimethipin,0.0,7.712980381617844e-05,0.287
2,ethoprop,0.0,1.2620837808807733e-05,0.047
2,germanium,0.0,0.004945014390371533,7.826845
2,manganese,0.0,11.32727834746206,2020.0
2,microcystin-LA,0.063,0.063,0.063
2,microcystin-LF,0.0,0.0,0.0
2,microcystin-LR,0.0,0.0,0.0
2,microcystin-LY,0.0,0.0,0.0
2,microcystin-RR,0.0,0.0,0.0
2,microcystin-YR,0.0,0.0,0.0
2,nodularin,0.0,0.0,0.0
2,o-toluidine,0.0,7.076226012793178e-05,0.119
2,oxyfluorfen,0.0,0.0,0.0
2,profenofos,0.0,0.0,0.0
2,quinoline,0.0,2.2954361328652444e-05,0.039
2,tebuconazole,0.0,0.0,0.0
2,total microcystin,0.0,0.0004795204795204795,0.83
2,total permethrin,0.0,3.48806010195868e-05,0.082
2,tribufos,0.0,0.0,0.0
3,1-butanol,0.0,0.027815745393634843,24.591
3,2-methoxyethanol,0.0,0.034889632107023415,67.16
3,2-propen-1-ol,0.0,0.00024247491638795986,0.58
3,HAA5,0.0,22.843990162761582,251.1
3,HAA6Br,0.0,5.944470250896058,47.3
3,HAA9,0.0,28.292201792114696,259.4
3,alpha-hexachlorocyclohexane,0.0,4.649196956889264e-06,0.011
3,anatoxin-a,0.0,0.00019143775569842197,0.3603
3,butylated hydroxyanisole,0.0,6.323777403035413e-05,0.15
3,chlorpyrifos,0.0,0.0,0.0
3,cylindrospermopsin,0.0,0.0,0.0
3,dimethipin,0.0,0.00010862214708368555,0.257
3,ethoprop,0.0,0.0,0.0
3,germanium,0.0,0.01874681463214139,32.0
3,manganese,0.0,12.891877928483353,2500.0
3,o-toluidine,0.0,0.0,0.0
3,oxyfluorfen,0.0,0.0,0.0
3,profenofos,0.0,0.0,0.0
3,quinoline,0.0,2.6698988195615514e-05,0.042
3,tebuconazole,0.0,0.0,0.0
3,total microcystin,0.0,0.0,0.0
3,total permethrin,0.0,0.0,0.0
3,tribufos,0.0,0.0,0.0
4,1-butanol,0.0,0.045547352660950044,16.8
4,2-methoxyethanol,0.0,0.0018976452974002994,3.94
4,2-propen-1-ol,0.0,0.0021305294678099903,1.7
4,HAA5,0.0,23.798557147937412,291.66
4,HAA6Br,0.0,6.085346063580116,83.5
4,HAA9,0.0,29.204095341394023,316.86
4,alpha-hexachlorocyclohexane,0.0,2.6726306961140623e-05,0.067
4,anatoxin-a,0.0,0.00020029517453798768,0.105
4,butylated hydroxyanisole,0.0,1.783754116355653e-05,0.13
4,chlorpyrifos,0.0,5.591277606933184e-06,0.04
4,cylindrospermopsin,0.0,2.2456050301552674e-05,0.175
4,dimethipin,0.0,0.0003927872518870562,2.81
4,ethoprop,0.0,4.335664335664335e-05,0.21
4,germanium,0.0,0.030025923438549363,6.0
4,manganese,0.0,9.60107508394896,1300.0
4,o-toluidine,0.0,3.482432061487785e-05,0.039
4,oxyfluorfen,0.0,2.6782219737209953e-05,0.0828
4,profenofos,0.0,0.0002007268660889013,0.848
4,quinoline,0.0,5.501235924196649e-05,0.096
4,tebuconazole,0.0,0.0003065417948001118,1.96
4,total microcystin,0.0,4.259713437459662e-05,0.33
4,total permethrin,0.0,0.00011013560743743884,0.212
4,tribufos,0.0,2.9809843400447428e-05,0.139
5,1-butanol,0.0,0.08667796610169491,34.2
5,2-methoxyethanol,0.0,0.08710192395785615,125.36
5,2-propen-1-ol,0.0,0.0012803481447549244,1.4
5,HAA5,0.0,15.72047168705167,464.947
5,HAA6Br,0.0,7.12128007706355,42.89
5,HAA9,0.0,21.806356817760992,480.627
5,alpha-hexachlorocyclohexane,0.0,7.3142857142857144e-06,0.016
5,anatoxin-a,0.0,6.637675429926862e-05,0.128
5,butylated hydroxyanisole,0.0,1.345802919708029e-05,0.059
5,chlorpyrifos,0.0,6.971428571428571e-06,0.0305
5,cylindrospermopsin,0.0,0.0,0.0
5,dimethipin,0.0,0.0003878857142857143,1.04
5,ethoprop,0.0,7.453132144490168e-06,0.0326
5,germanium,0.0,0.017361246801581763,4.7
5,manganese,0.0,14.26316971388695,872.0
5,o-toluidine,0.0,5.164233576642336e-05,0.0562
5,oxyfluorfen,0.0,3.7394285714285714e-05,0.103
5,profenofos,0.0,0.00010605714285714287,0.464
5,quinoline,0.0,0.00010561131386861315,0.057
5,tebuconazole,0.0,0.0,0.0
5,total microcystin,0.0,7.671629445822994e-05,0.371
5,total permethrin,0.0,2.057142857142857e-05,0.05
5,tribufos,0.0,0.0,0.0
6,1-butanol,0.0,0.07644280139659067,113.5
6,2-methoxyethanol,0.0,0.00041897720271102896,0.94
6,2-propen-1-ol,0.0,0.0009611829944547134,1.2
6,HAA5,0.0,19.440432377942457,374.1
6,HAA6Br,0.0,11.928010165794067,445.64
6,HAA9,0.0,28.301848025741712,654.24
6,alpha-hexachlorocyclohexane,0.0,1.4334746618211184e-05,0.031
6,anatoxin-a,0.0,0.0016434632034632035,0.405
6,butylated hydroxyanisole,0.0,3.406131035864557e-05,0.17
6,chlorpyrifos,0.0,0.0,0.0
6,cylindrospermopsin,0.0,0.0003445290858725762,0.41
6,dimethipin,0.0,0.0,0.0
6,ethoprop,0.0,0.0,0.0
6,germanium,0.0,0.1189940155595452,9.87
6,manganese,0.0,8.698667358339984,1170.0
6,microcystin-LA,0.0,0.0,0.0
6,microcystin-LF,0.0066,0.0066,0.0066
6,microcystin-LR,0.079,0.079,0.079
6,microcystin-LY,0.0,0.0,0.0
6,microcystin-RR,0.15,0.15,0.15
6,microcystin-YR,0.0,0.0,0.0
6,nodularin,0.0,0.0,0.0
6,o-toluidine,0.0,8.0374749498998e-05,0.09752
6,oxyfluorfen,0.0,1.1911972541893801e-05,0.059
6,profenofos,0.0,0.0,0.0
6,quinoline,0.0,0.00010626928471248248,0.0864
6,tebuconazole,0.0,0.0,0.0
6,total microcystin,0.0,6.813417190775681e-05,0.39
6,total permethrin,0.0,1.332525741974561e-05,0.066
6,tribufos,0.0,8.090614886731392e-05,0.4
7,1-butanol,0.0,0.03570255474452555,15.0
7,2-methoxyethanol,0.0,0.005593065693430657,5.7
7,2-propen-1-ol,0.0,0.0018631386861313866,1.5
7,HAA5,0.0,16.16474177712322,140.031
7,HAA6Br,0.0,7.171299019607844,65.4
7,HAA9,0.0,22.075309278350513,160.421
7,alpha-hexachlorocyclohexane,0.0,0.0,0.0
7,anatoxin-a,0.0,0.0007842592592592593,0.36
7,butylated hydroxyanisole,0.0,0.0,0.0
7,chlorpyrifos,0.0,0.0,0.0
7,cylindrospermopsin,0.0,0.0008112858464384829,0.877
7,dimethipin,0.0,0.0,0.0
7,ethoprop,0.0,0.0,0.0
7,germanium,0.0,0.02462330623306233,2.7
7,manganese,0.0,10.713485998193315,687.0
7,o-toluidine,0.0,0.00026922374429223746,0.093
7,oxyfluorfen,0.0,0.0,0.0
7,profenofos,0.0,0.0,0.0
7,quinoline,0.0,0.0013557077625570779,0.51
7,tebuconazole,0.0,0.0,0.0
7,total microcystin,0.0,0.0,0.0
7,total permethrin,0.0,0.0,0.0
7,tribufos,0.0,0.0,0.0
8,1-butanol,0.0,0.1908495888678052,101.5552
8,2-methoxyethanol,0.0,0.00037975964579380143,0.6004
8,2-propen-1-ol,0.0,0.00038583175205566096,0.61
8,HAA5,0.0,18.328721365638767,127.33
8,HAA6Br,0.0,5.995796535200885,39.7
8,HAA9,0.0,23.421419830446,137.17
8,alpha-hexachlorocyclohexane,0.0,1.4120667522464697e-05,0.022
8,anatoxin-a,0.0,0.0,0.0
8,butylated hydroxyanisole,0.0,0.0,0.0
8,chlorpyrifos,0.0,0.0,0.0
8,cylindrospermopsin,0.0,0.0,0.0
8,dimethipin,0.0,0.0,0.0
8,ethoprop,0.0,0.0,0.0
8,germanium,0.0,0.02483480453972257,4.2
8,manganese,0.0,10.886740226986127,2600.0
8,microcystin-LA,0.0,0.0,0.0
8,microcystin-LF,0.0,0.0,0.0
8,microcystin-LR,0.0,0.0,0.0
8,microcystin-LY,0.0,0.0,0.0
8,microcystin-RR,0.0,0.0,0.0
8,microcystin-YR,0.0,0.0,0.0
8,nodularin,0.0,0.0,0.0
8,o-toluidine,0.0,0.00018690861957226183,0.15
8,oxyfluorfen,0.0,0.0,0.0
8,profenofos,0.0,0.0,0.0
8,quinoline,0.0,0.0003886779001944264,0.24
8,tebuconazole,0.0,0.0,0.0
8,total microcystin,0.0,0.00020166666666666667,0.363
8,total permethrin,0.0,0.0,0.0
8,tribufos,0.0,0.0,0.0
9,1-butanol,0.0,0.029121710921542712,21.3
9,2-methoxyethanol,0.0,0.0004649765709479755,2.2
9,2-propen-1-ol,0.0,0.0,0.0
9,HAA5,0.0,11.158669972568052,158.08
9,HAA6Br,0.0,7.137494408102976,83.7
9,HAA9,0.0,16.451901561510866,162.38
9,alpha-hexachlorocyclohexane,0.0,1.9358741681790686e-06,0.016
9,anatoxin-a,0.0,0.0,0.0
9,butylated hydroxyanisole,0.0,1.5341870016912298e-05,0.053
9,chlorpyrifos,0.0,0.0,0.0
9,cylindrospermopsin,0.0,0.0,0.0
9,dimethipin,0.0,0.0,0.0
9,ethoprop,0.0,0.0,0.0
9,germanium,0.0,0.1214630904343698,18.0
9,manganese,0.0,4.633515727002968,992.0
9,o-toluidine,0.0,0.00012172143029717321,0.38
9,oxyfluorfen,0.0,4.597701149425287e-05,0.38
9,profenofos,0.0,6.291591046581972e-05,0.52
9,quinoline,0.0,0.0003196424257066924,1.5
9,tebuconazole,0.0,2.5408348457350273e-05,0.21
9,total microcystin,0.0,0.0,0.0
9,total permethrin,0.0,4.839685420447671e-06,0.04
9,tribufos,0.0,0.0,0.0
10,1-butanol,0.0,0.01329907502569373,13.0
10,2-methoxyethanol,0.0,0.00023239074550128534,0.452
10,2-propen-1-ol,0.0,0.0,0.0
10,HAA5,0.0,18.743564801178202,130.8
10,HAA6Br,0.0,2.0609745949926364,26.48
10,HAA9,0.0,20.60849374079529,131.32
10,alpha-hexachlorocyclohexane,0.0,7.676560900716478e-06,0.015
10,anatoxin-a,0.0,7.317073170731707e-05,0.06
10,butylated hydroxyanisole,0.0,0.0,0.0
10,chlorpyrifos,0.0,0.0,0.0
10,cylindrospermopsin,0.0,0.0,0.0
10,dimethipin,0.0,0.0,0.0
10,ethoprop,0.0,0.0,0.0
10,germanium,0.0,0.10838292433537831,6.884
10,manganese,0.0,19.236068507157466,1590.0
10,microcystin-LA,0.0,0.0,0.0
10,microcystin-LF,0.0,0.0,0.0
10,microcystin-LR,0.0,0.0,0.0
10,microcystin-LY,0.0,0.0,0.0
10,microcystin-RR,0.0,0.0,0.0
10,microcystin-YR,0.0,0.0,0.0
10,nodularin,0.0,0.0,0.0
10,o-toluidine,0.0,3.4357398873527906e-05,0.024
10,oxyfluorfen,0.0,0.0,0.0
10,profenofos,0.0,0.0,0.0
10,quinoline,0.0,0.000210189452124936,0.15
10,tebuconazole,0.0,0.0,0.0
10,total microcystin,0.0,0.0005132192846034215,0.34
10,total permethrin,0.0,0.0,0.0
10,tribufos,0.0,0.0,0.0
