Region,Contaminant,Min (µg/L),Average (µg/L),Max (µg/L)
1,1-butanol,1.0,1.0221122994652405,9.95
1,2-methoxyethanol,0.2,0.20445935828877004,7.7
1,2-propen-1-ol,0.25,0.25,0.25
1,HAA5,0.0,20.031123624047417,113.5
1,HAA6Br,0.0,5.428626869884279,59.5
1,HAA9,0.0,24.813513406717473,125.701
1,alpha-hexachlorocyclohexane,0.005,0.005004352557127312,0.013
1,anatoxin-a,0.015,0.015017372421281216,0.047
1,butylated hydroxyanisole,0.015,0.015,0.015
1,chlorpyrifos,0.015,0.015,0.015
1,cylindrospermopsin,0.045,0.045,0.045
1,dimethipin,0.1,0.1,0.1
1,ethoprop,0.015,0.015,0.015
1,germanium,0.15,0.15162021276595744,1.155
1,manganese,0.2,43.65456702127659,3960.0
1,o-toluidine,0.0035,0.00351949088960343,0.0207
1,oxyfluorfen,0.025,0.025,0.025
1,profenofos,0.15,0.15,0.15
1,quinoline,0.01,0.010361917514729512,0.18
1,tebuconazole,0.1,0.1,0.1
1,total microcystin,0.15,0.15,0.15
1,total permethrin,0.02,0.02,0.02
1,tribufos,0.035,0.03500000000000001,0.035
2,1-butanol,1.0,1.0473950264550265,100.0
2,2-methoxyethanol,0.2,0.20019629629629632,0.47
2,2-propen-1-ol,0.25,0.2516732804232804,1.5
2,HAA5,0.0,20.962907288902006,254.78
2,HAA6Br,0.0,8.009708794430379,69.75
2,HAA9,0.0,28.223066824210704,269.04
2,alpha-hexachlorocyclohexane,0.005,0.005048092423428264,0.16
2,anatoxin-a,0.015,0.01938704318936877,13.22
2,butylated hydroxyanisole,0.015,0.015,0.015
2,chlorpyrifos,0.015,0.015,0.015
2,cylindrospermopsin,0.045,0.04505922362309223,0.2235
2,dimethipin,0.1,0.10005025530771298,0.287
2,ethoprop,0.015,0.015008592910848549,0.047
2,germanium,0.15,0.1540423456305599,7.826845
2,manganese,0.2,11.37678122553637,2020.0
2,microcystin-LA,0.063,0.063,0.063
2,microcystin-LF,0.003,0.003,0.003
2,microcystin-LR,0.01,0.01,0.01
2,microcystin-LY,0.0045,0.0045,0.0045
2,microcystin-RR,0.003,0.003,0.003
2,microcystin-YR,0.01,0.01,0.01
2,nodularin,0.0025,0.0025,0.0025
2,o-toluidine,0.0035,0.003566098081023454,0.119
2,oxyfluorfen,0.025,0.025,0.025
2,profenofos,0.15,0.15,0.15
2,quinoline,0.01,0.010014852822036187,0.039
2,tebuconazole,0.1,0.1,0.1
2,total microcystin,0.15,0.15037962037962038,0.83
2,total permethrin,0.02,0.020024148108398174,0.082
2,tribufos,0.035,0.035,0.035
3,1-butanol,1.0,1.0240469011725293,24.591
3,2-methoxyethanol,0.2,0.2344715719063545,67.16
3,2-propen-1-ol,0.25,0.2501379598662207,0.58
3,HAA5,0.0,22.843990162761582,251.1
3,HAA6Br,0.0,5.944470250896058,47.3
3,HAA9,0.0,28.292201792114696,259.4
3,alpha-hexachlorocyclohexane,0.005,0.005002535925612849,0.011
3,anatoxin-a,0.015,0.015169520748100527,0.3603
3,butylated hydroxyanisole,0.015,0.015056913996627317,0.15
3,chlorpyrifos,0.015,0.015000000000000001,0.015
3,cylindrospermopsin,0.045,0.045,0.045
3,dimethipin,0.1,0.10006635672020288,0.257
3,ethoprop,0.015,0.015000000000000001,0.015
3,germanium,0.15,0.16689724619810933,32.0
3,manganese,0.2,12.93717180435676,2500.0
3,o-toluidine,0.0035,0.0034999999999999996,0.0035
3,oxyfluorfen,0.025,0.025,0.025
3,profenofos,0.15,0.15,0.15
3,quinoline,0.01,0.010018267284991568,0.042
3,tebuconazole,0.1,0.1,0.1
3,total microcystin,0.15,0.15,0.15
3,total permethrin,0.02,0.02,0.02
3,tribufos,0.035,0.035,0.035
4,1-butanol,1.0,1.0371085340955493,16.8
4,2-methoxyethanol,0.2,0.20157098135293317,3.94
4,2-propen-1-ol,0.25,0.2516201170545801,1.7
4,HAA5,0.0,23.798557147937412,291.66
4,HAA6Br,0.0,6.085346063580116,83.5
4,HAA9,0.0,29.204095341394023,316.86
4,alpha-hexachlorocyclohexane,0.005,0.0050197372099524745,0.067
4,anatoxin-a,0.015,0.015142543634496918,0.105
4,butylated hydroxyanisole,0.015,0.015015779363336992,0.13
4,chlorpyrifos,0.015,0.015003494548504333,0.04
4,cylindrospermopsin,0.045,0.04501668163736687,0.175
4,dimethipin,0.1,0.10037880905786972,2.81
4,ethoprop,0.015,0.015037062937062938,0.21
4,germanium,0.15,0.17404204163868367,6.0
4,manganese,0.2,9.649483411685694,1300.0
4,o-toluidine,0.0035,0.003527138347515784,0.039
4,oxyfluorfen,0.025,0.02501629857422421,0.0828
4,profenofos,0.15,0.1501587922840369,0.848
4,quinoline,0.01,0.01003853336995331,0.096
4,tebuconazole,0.1,0.10027858540676544,1.96
4,total microcystin,0.15,0.15002323480056795,0.33
4,total permethrin,0.02,0.020082175311058294,0.212
4,tribufos,0.035,0.03502002237136466,0.139
5,1-butanol,1.0,1.0717901969766377,34.2
5,2-methoxyethanol,0.2,0.28490311497938614,125.36
5,2-propen-1-ol,0.25,0.25099404489234994,1.4
5,HAA5,0.0,15.72047168705167,464.947
5,HAA6Br,0.0,7.12128007706355,42.89
5,HAA9,0.0,21.806356817760992,480.627
5,alpha-hexachlorocyclohexane,0.005,0.005005028571428572,0.016
5,anatoxin-a,0.015,0.015054516702905711,0.128
5,butylated hydroxyanisole,0.015,0.015010036496350366,0.059
5,chlorpyrifos,0.015,0.015003542857142858,0.0305
5,cylindrospermopsin,0.045,0.045,0.045
5,dimethipin,0.1,0.10034217142857144,1.04
5,ethoprop,0.015,0.015004023776863284,0.0326
5,germanium,0.15,0.1616040939753431,4.7
5,manganese,0.2,14.334907327285416,872.0
5,o-toluidine,0.0035,0.0035364735401459853,0.0562
5,oxyfluorfen,0.025,0.025025965714285715,0.103
5,profenofos,0.15,0.15007177142857142,0.464
5,quinoline,0.01,0.010069114963503649,0.057
5,tebuconazole,0.1,0.1,0.1
5,total microcystin,0.15,0.15004569892473119,0.371
5,total permethrin,0.02,0.020011428571428572,0.05
5,tribufos,0.035,0.035,0.035
6,1-butanol,1.0,1.0651468474019306,113.5
6,2-methoxyethanol,0.2,0.20029574861367838,0.94
6,2-propen-1-ol,0.25,0.25070445676730335,1.2
6,HAA5,0.0,19.440432377942457,374.1
6,HAA6Br,0.0,11.928010165794067,445.64
6,HAA9,0.0,28.301848025741712,654.24
6,alpha-hexachlorocyclohexane,0.005,0.005010296789824348,0.031
6,anatoxin-a,0.015,0.016425281385281383,0.405
6,butylated hydroxyanisole,0.015,0.015031055900621117,0.17
6,chlorpyrifos,0.015,0.015000000000000001,0.015
6,cylindrospermopsin,0.045,0.045266620498614955,0.41
6,dimethipin,0.1,0.1,0.1
6,ethoprop,0.015,0.015000000000000001,0.015
6,germanium,0.15,0.24508617594254936,9.87
6,manganese,0.2,8.743280287310455,1170.0
6,microcystin-LA,0.004,0.004,0.004
6,microcystin-LF,0.0066,0.0066,0.0066
6,microcystin-LR,0.079,0.079,0.079
6,microcystin-LY,0.0045,0.0045,0.0045
6,microcystin-RR,0.15,0.15,0.15
6,microcystin-YR,0.01,0.01,0.01
6,nodularin,0.0025,0.0025,0.0025
6,o-toluidine,0.0035,0.0035663466933867735,0.09752
6,oxyfluorfen,0.025,0.025006864526549568,0.059
6,profenofos,0.15,0.15,0.15
6,quinoline,0.01,0.010078218793828891,0.0864
6,tebuconazole,0.1,0.1,0.1
6,total microcystin,0.15,0.150041928721174,0.39
6,total permethrin,0.02,0.020009287300625886,0.066
6,tribufos,0.035,0.03507382686084143,0.4
7,1-butanol,1.0,1.029315693430657,15.0
7,2-methoxyethanol,0.2,0.20522810218978102,5.7
7,2-propen-1-ol,0.25,0.2514069343065693,1.5
7,HAA5,0.0,16.16474177712322,140.031
7,HAA6Br,0.0,7.171299019607844,65.4
7,HAA9,0.0,22.075309278350513,160.421
7,alpha-hexachlorocyclohexane,0.005,0.005,0.005
7,anatoxin-a,0.015,0.015714814814814813,0.36
7,butylated hydroxyanisole,0.015,0.015000000000000001,0.015
7,chlorpyrifos,0.015,0.014999999999999998,0.015
7,cylindrospermopsin,0.045,0.045769657724329324,0.877
7,dimethipin,0.1,0.1,0.1
7,ethoprop,0.015,0.014999999999999998,0.015
7,germanium,0.15,0.16744173441734417,2.7
7,manganese,0.2,10.78521138211382,687.0
7,o-toluidine,0.0035,0.0037244748858447493,0.093
7,oxyfluorfen,0.025,0.025,0.025
7,profenofos,0.15,0.15,0.15
7,quinoline,0.01,0.011264383561643837,0.51
7,tebuconazole,0.1,0.1,0.1
7,total microcystin,0.15,0.15,0.15
7,total permethrin,0.02,0.02,0.02
7,tribufos,0.035,0.035,0.035
8,1-butanol,1.0,1.178199367488931,101.5552
8,2-methoxyethanol,0.2,0.2002532574320051,0.6004
8,2-propen-1-ol,0.25,0.25022770398481975,0.61
8,HAA5,0.0,18.328721365638767,127.33
8,HAA6Br,0.0,5.995796535200885,39.7
8,HAA9,0.0,23.421419830446,137.17
8,alpha-hexachlorocyclohexane,0.005,0.005010911424903723,0.022
8,anatoxin-a,0.015,0.015,0.015
8,butylated hydroxyanisole,0.015,0.015,0.015
8,chlorpyrifos,0.015,0.014999999999999998,0.015
8,cylindrospermopsin,0.045,0.045,0.045
8,dimethipin,0.1,0.1,0.1
8,ethoprop,0.015,0.014999999999999998,0.015
8,germanium,0.15,0.17086254728877678,4.2
8,manganese,0.2,10.960889029003784,2600.0
8,microcystin-LA,0.004,0.004,0.004
8,microcystin-LF,0.003,0.003,0.003
8,microcystin-LR,0.01,0.01,0.01
8,microcystin-LY,0.0045,0.0045,0.0045
8,microcystin-RR,0.003,0.003,0.003
8,microcystin-YR,0.01,0.01,0.01
8,nodularin,0.0025,0.0025,0.0025
8,o-toluidine,0.0035,0.0036642255346727155,0.15
8,oxyfluorfen,0.025,0.025,0.025
8,profenofos,0.15,0.15,0.15
8,quinoline,0.01,0.010343311730395334,0.24
8,tebuconazole,0.1,0.1,0.1
8,total microcystin,0.15,0.15011833333333333,0.363
8,total permethrin,0.02,0.02,0.02
8,tribufos,0.035,0.035,0.035
9,1-butanol,1.0,1.0223933677760422,21.3
9,2-methoxyethanol,0.2,0.20036885738315513,2.2
9,2-propen-1-ol,0.25,0.25,0.25
9,HAA5,0.0,11.158669972568052,158.08
9,HAA6Br,0.0,7.137494408102976,83.7
9,HAA9,0.0,16.451901561510866,162.38
9,alpha-hexachlorocyclohexane,0.005,0.005001330913490623,0.016
9,anatoxin-a,0.015,0.015000000000000001,0.015
9,butylated hydroxyanisole,0.015,0.015009905774341628,0.053
9,chlorpyrifos,0.015,0.015,0.015
9,cylindrospermopsin,0.045,0.045,0.045
9,dimethipin,0.1,0.1,0.1
9,ethoprop,0.015,0.015,0.015
9,germanium,0.15,0.2526107286968906,18.0
9,manganese,0.2,4.724293175074184,992.0
9,o-toluidine,0.0035,0.003611151244261899,0.38
9,oxyfluorfen,0.025,0.025042952208106477,0.38
9,profenofos,0.15,0.15004476709013911,0.52
9,quinoline,0.01,0.01028702585165499,1.5
9,tebuconazole,0.1,0.10001330913490623,0.21
9,total microcystin,0.15,0.15,0.15
9,total permethrin,0.02,0.02000241984271022,0.04
9,tribufos,0.035,0.035,0.035
10,1-butanol,1.0,1.0112435765673176,13.0
10,2-methoxyethanol,0.2,0.20012956298200515,0.452
10,2-propen-1-ol,0.25,0.25,0.25
10,HAA5,0.0,18.743564801178202,130.8
10,HAA6Br,0.0,2.0609745949926364,26.48
10,HAA9,0.0,20.60849374079529,131.32
10,alpha-hexachlorocyclohexane,0.005,0.005005117707267144,0.015
10,anatoxin-a,0.015,0.01505030487804878,0.06
10,butylated hydroxyanisole,0.015,0.015,0.015
10,chlorpyrifos,0.015,0.015,0.015
10,cylindrospermopsin,0.045,0.045,0.045
10,dimethipin,0.1,0.1,0.1
10,ethoprop,0.015,0.015,0.015
10,germanium,0.15,0.24312218813905928,6.884
10,manganese,0.2,19.306927402862986,1590.0
10,microcystin-LA,0.004,0.004,0.004
10,microcystin-LF,0.003,0.003,0.003
10,microcystin-LR,0.01,0.01,0.01
10,microcystin-LY,0.0045,0.0045,0.0045
10,microcystin-RR,0.003,0.003,0.003
10,microcystin-YR,0.01,0.01,0.01
10,nodularin,0.0025,0.0025,0.0025
10,o-toluidine,0.0035,0.003527188940092166,0.024
10,oxyfluorfen,0.025,0.025,0.025
10,profenofos,0.15,0.15,0.15
10,quinoline,0.01,0.010174347158218126,0.15
10,tebuconazole,0.1,0.1,0.1
10,total microcystin,0.15,0.15027993779160187,0.34
10,total permethrin,0.02,0.02,0.02
10,tribufos,0.035,0.035,0.035
